1
1
27
1
(4 0
((0,0) (63,63) (0,0))
((0,64) (63,127) (0,0))
((0,128) (63,191) (0,0))
((0,192) (63,255) (0,0))
)
4
FabOnDisk: SD_0_Old_MF_D_00000 0
FabOnDisk: SD_0_Old_MF_D_00001 0
FabOnDisk: SD_0_Old_MF_D_00002 0
FabOnDisk: SD_0_Old_MF_D_00003 0

4,27
-7.0447279594756139e+04,-6.4867692575225599e+04,1.5040168102932261e-01,0.0000000000000000e+00,0.0000000000000000e+00,0.0000000000000000e+00,0.0000000000000000e+00,0.0000000000000000e+00,0.0000000000000000e+00,0.0000000000000000e+00,0.0000000000000000e+00,0.0000000000000000e+00,0.0000000000000000e+00,0.0000000000000000e+00,0.0000000000000000e+00,0.0000000000000000e+00,0.0000000000000000e+00,0.0000000000000000e+00,0.0000000000000000e+00,0.0000000000000000e+00,0.0000000000000000e+00,0.0000000000000000e+00,0.0000000000000000e+00,0.0000000000000000e+00,-1.5778412058651168e+06,2.9999999999755710e+02,1.0051394981654143e+05,
-1.0514468455172450e+03,-1.4957699346050178e+04,1.1719552866820795e+00,0.0000000000000000e+00,0.0000000000000000e+00,0.0000000000000000e+00,2.7294838626825618e-01,0.0000000000000000e+00,0.0000000000000000e+00,0.0000000000000000e+00,0.0000000000000000e+00,0.0000000000000000e+00,0.0000000000000000e+00,0.0000000000000000e+00,0.0000000000000000e+00,0.0000000000000000e+00,0.0000000000000000e+00,0.0000000000000000e+00,0.0000000000000000e+00,0.0000000000000000e+00,0.0000000000000000e+00,0.0000000000000000e+00,8.9900690041382336e-01,0.0000000000000000e+00,2.2356530670217990e+03,3.0000000000000000e+02,1.0132499999993428e+05,
-4.5275250311471510e+01,-1.3905840129460947e+04,1.1719552866827101e+00,0.0000000000000000e+00,0.0000000000000000e+00,0.0000000000000000e+00,2.7294838626840312e-01,0.0000000000000000e+00,0.0000000000000000e+00,0.0000000000000000e+00,0.0000000000000000e+00,0.0000000000000000e+00,0.0000000000000000e+00,0.0000000000000000e+00,0.0000000000000000e+00,0.0000000000000000e+00,0.0000000000000000e+00,0.0000000000000000e+00,0.0000000000000000e+00,0.0000000000000000e+00,0.0000000000000000e+00,0.0000000000000000e+00,8.9900690041430698e-01,0.0000000000000000e+00,2.2356530670230013e+03,3.0000000000000000e+02,1.0132499999998878e+05,
-1.9500507028179710e+00,-1.3862440498016265e+04,1.1719552866824061e+00,0.0000000000000000e+00,0.0000000000000000e+00,0.0000000000000000e+00,2.7294838626833234e-01,0.0000000000000000e+00,0.0000000000000000e+00,0.0000000000000000e+00,0.0000000000000000e+00,0.0000000000000000e+00,0.0000000000000000e+00,0.0000000000000000e+00,0.0000000000000000e+00,0.0000000000000000e+00,0.0000000000000000e+00,0.0000000000000000e+00,0.0000000000000000e+00,0.0000000000000000e+00,0.0000000000000000e+00,0.0000000000000000e+00,8.9900690041407372e-01,0.0000000000000000e+00,2.2356530670224215e+03,3.0000000000000000e+02,1.0132499999996249e+05,

4,27
6.7414803550361157e+03,1.1871756093867683e+04,1.1719552866987115e+00,1.1203258624429361e-10,5.8209740091907536e-12,3.4222814500906892e-12,2.7294838627213391e-01,3.8811403013758327e-12,2.9077571438580184e-12,6.6180632872299288e-10,6.5764317628213367e-19,3.7416213922522349e-20,1.9222544782374396e-09,3.8379972102901816e-01,5.5082633990743992e-17,4.0331083225036466e-24,3.7562037964905886e-18,1.6050122821821087e-12,7.6323555240378597e-14,6.6336660437035641e-17,6.5633447436098003e-17,4.4133617509090132e-15,8.9900690042657749e-01,0.0000000000000000e+00,2.9980059579944517e+05,1.3000289943876157e+03,1.0178509371926921e+05,
-1.1626401454348441e+00,-1.2856222061892084e+04,1.1719552866830389e+00,6.0534883354006454e-72,9.0383895188593168e-51,1.7590908416179933e-56,2.7294838626847984e-01,1.6572321274772708e-56,5.7366351852672620e-76,9.6821207040083915e-48,8.6648103241013054e-77,5.0063055962355391e-78,7.4298398867351267e-80,3.6226233888657869e-73,4.3214544504660666e-75,1.6523147110738205e-98,4.7161122484025870e-77,8.2793114674965001e-86,2.6973022840240312e-88,1.6017499956794338e-91,3.8274052182149133e-92,1.5300639633731230e-90,8.9900690041455911e-01,0.0000000000000000e+00,2.2356530670236293e+03,3.0000000000000000e+02,1.0132500000001723e+05,
-5.0281004497474337e-02,-1.3815296838440971e+04,1.1719552866828868e+00,3.1605913962606441e-78,9.1255691426879767e-52,4.1680957823238523e-57,2.7294838626844425e-01,2.1666530757968290e-57,1.1473258117827510e-75,1.1568788594263140e-48,1.7329602155996039e-76,1.0012600508304777e-77,1.5579738090354982e-106,7.5544706456232920e-99,8.5079344527708195e-75,8.7854849571885717e-108,9.4321074480279994e-77,1.5030034603607394e-112,3.2374343164976580e-116,4.3803289231247643e-119,6.3878426045370606e-120,2.4302440536479219e-118,8.9900690041444242e-01,0.0000000000000000e+00,2.2356530670233392e+03,3.0000000000000000e+02,1.0132500000000406e+05,
-9.9242868374574026e-05,-1.3858525048550329e+04,1.1719552866829295e+00,4.5336590754604155e-77,2.8588853907658586e-51,5.4623988226442163e-57,2.7294838626845436e-01,3.8357682586828936e-57,5.7366319368943384e-76,2.0872412252975903e-48,8.6648054175689111e-77,5.0063027632166540e-78,1.6778578954302977e-122,1.4692144181311071e-118,4.2539846717391737e-75,4.3927603408868904e-108,4.7161125719826823e-77,1.1737942426570758e-121,3.7707597511078171e-135,5.2757055283634035e-138,6.3473242309381855e-139,2.3550094600149570e-137,8.9900690041447529e-01,0.0000000000000000e+00,2.2356530670234197e+03,3.0000000000000000e+02,1.0132500000000777e+05,

