1
1
27
1
(4 0
((0,0) (63,63) (0,0))
((0,64) (63,127) (0,0))
((0,128) (63,191) (0,0))
((0,192) (63,255) (0,0))
)
4
FabOnDisk: SD_0_New_MF_D_00000 0
FabOnDisk: SD_0_New_MF_D_00001 0
FabOnDisk: SD_0_New_MF_D_00002 0
FabOnDisk: SD_0_New_MF_D_00003 0

4,27
-3.4702970250233811e-01,6.9491888353849660e-02,1.5039225479790078e-01,0.0000000000000000e+00,0.0000000000000000e+00,0.0000000000000000e+00,0.0000000000000000e+00,0.0000000000000000e+00,0.0000000000000000e+00,0.0000000000000000e+00,0.0000000000000000e+00,0.0000000000000000e+00,0.0000000000000000e+00,0.0000000000000000e+00,0.0000000000000000e+00,0.0000000000000000e+00,0.0000000000000000e+00,0.0000000000000000e+00,0.0000000000000000e+00,0.0000000000000000e+00,0.0000000000000000e+00,0.0000000000000000e+00,0.0000000000000000e+00,0.0000000000000000e+00,-1.5751757242857574e+06,3.0000000000000000e+02,1.0132500000000000e+05,
1.3751153947772234e-05,5.8774995073046177e-01,1.1719552866828398e+00,0.0000000000000000e+00,0.0000000000000000e+00,0.0000000000000000e+00,2.7294838626843337e-01,0.0000000000000000e+00,0.0000000000000000e+00,0.0000000000000000e+00,0.0000000000000000e+00,0.0000000000000000e+00,0.0000000000000000e+00,0.0000000000000000e+00,0.0000000000000000e+00,0.0000000000000000e+00,0.0000000000000000e+00,0.0000000000000000e+00,0.0000000000000000e+00,0.0000000000000000e+00,0.0000000000000000e+00,0.0000000000000000e+00,8.9900690041440634e-01,0.0000000000000000e+00,2.2356530670232487e+03,3.0000000000000000e+02,1.0132500000000000e+05,
5.9501668506917547e-07,5.9903105273851698e-01,1.1719552866828398e+00,0.0000000000000000e+00,0.0000000000000000e+00,0.0000000000000000e+00,2.7294838626843337e-01,0.0000000000000000e+00,0.0000000000000000e+00,0.0000000000000000e+00,0.0000000000000000e+00,0.0000000000000000e+00,0.0000000000000000e+00,0.0000000000000000e+00,0.0000000000000000e+00,0.0000000000000000e+00,0.0000000000000000e+00,0.0000000000000000e+00,0.0000000000000000e+00,0.0000000000000000e+00,0.0000000000000000e+00,0.0000000000000000e+00,8.9900690041440634e-01,0.0000000000000000e+00,2.2356530670232487e+03,3.0000000000000000e+02,1.0132500000000000e+05,
1.2330408017992340e-09,5.9954247671296745e-01,1.1719552866828398e+00,0.0000000000000000e+00,0.0000000000000000e+00,0.0000000000000000e+00,2.7294838626843337e-01,0.0000000000000000e+00,0.0000000000000000e+00,0.0000000000000000e+00,0.0000000000000000e+00,0.0000000000000000e+00,0.0000000000000000e+00,0.0000000000000000e+00,0.0000000000000000e+00,0.0000000000000000e+00,0.0000000000000000e+00,0.0000000000000000e+00,0.0000000000000000e+00,0.0000000000000000e+00,0.0000000000000000e+00,0.0000000000000000e+00,8.9900690041440634e-01,0.0000000000000000e+00,2.2356530670232487e+03,3.0000000000000000e+02,1.0132500000000000e+05,

4,27
9.3285190355612280e-01,1.5754491413788902e+00,1.1719552866828398e+00,0.0000000000000000e+00,0.0000000000000000e+00,0.0000000000000000e+00,2.7294838626843337e-01,0.0000000000000000e+00,0.0000000000000000e+00,0.0000000000000000e+00,0.0000000000000000e+00,0.0000000000000000e+00,0.0000000000000000e+00,3.8335280634759022e-01,0.0000000000000000e+00,0.0000000000000000e+00,0.0000000000000000e+00,0.0000000000000000e+00,0.0000000000000000e+00,0.0000000000000000e+00,0.0000000000000000e+00,0.0000000000000000e+00,8.9900690041440634e-01,0.0000000000000000e+00,2.9911099921885302e+05,1.3000000000000000e+03,1.0132500000000003e+05,
1.2447908521278724e-02,6.1263427929270564e-01,1.1719552866828398e+00,0.0000000000000000e+00,0.0000000000000000e+00,0.0000000000000000e+00,2.7294838626843337e-01,0.0000000000000000e+00,0.0000000000000000e+00,0.0000000000000000e+00,0.0000000000000000e+00,0.0000000000000000e+00,0.0000000000000000e+00,0.0000000000000000e+00,0.0000000000000000e+00,0.0000000000000000e+00,0.0000000000000000e+00,0.0000000000000000e+00,0.0000000000000000e+00,0.0000000000000000e+00,0.0000000000000000e+00,0.0000000000000000e+00,8.9900690041440634e-01,0.0000000000000000e+00,2.2356530670232487e+03,3.0000000000000000e+02,1.0132500000000000e+05,
5.3579386760296084e-04,6.0010254375300842e-01,1.1719552866828398e+00,0.0000000000000000e+00,0.0000000000000000e+00,0.0000000000000000e+00,2.7294838626843337e-01,0.0000000000000000e+00,0.0000000000000000e+00,0.0000000000000000e+00,0.0000000000000000e+00,0.0000000000000000e+00,0.0000000000000000e+00,0.0000000000000000e+00,0.0000000000000000e+00,0.0000000000000000e+00,0.0000000000000000e+00,0.0000000000000000e+00,0.0000000000000000e+00,0.0000000000000000e+00,0.0000000000000000e+00,0.0000000000000000e+00,8.9900690041440634e-01,0.0000000000000000e+00,2.2356530670232487e+03,3.0000000000000000e+02,1.0132500000000000e+05,
2.3077138366585743e-05,5.9958881173442480e-01,1.1719552866828398e+00,0.0000000000000000e+00,0.0000000000000000e+00,0.0000000000000000e+00,2.7294838626843337e-01,0.0000000000000000e+00,0.0000000000000000e+00,0.0000000000000000e+00,0.0000000000000000e+00,0.0000000000000000e+00,0.0000000000000000e+00,0.0000000000000000e+00,0.0000000000000000e+00,0.0000000000000000e+00,0.0000000000000000e+00,0.0000000000000000e+00,0.0000000000000000e+00,0.0000000000000000e+00,0.0000000000000000e+00,0.0000000000000000e+00,8.9900690041440634e-01,0.0000000000000000e+00,2.2356530670232487e+03,3.0000000000000000e+02,1.0132500000000000e+05,

