1
1
2
1
(4 0
((0,0) (63,63) (0,0))
((0,64) (63,127) (0,0))
((0,128) (63,191) (0,0))
((0,192) (63,255) (0,0))
)
4
FabOnDisk: SD_2_New_MF_D_00000 0
FabOnDisk: SD_2_New_MF_D_00001 0
FabOnDisk: SD_2_New_MF_D_00002 0
FabOnDisk: SD_2_New_MF_D_00003 0

4,2
-6.7060345037515954e+03,-4.2917288146248720e+03,
1.3657715969598638e+00,1.5052856463558646e+04,
5.9067084574007667e-02,1.6179288355147746e+04,
1.2239477638850173e-04,1.6230069404853963e+04,

4,2
3.2348967904351466e+04,4.3579758744526749e+04,
1.2351779658760986e+03,1.7521581559732385e+04,
5.3186224832317258e+01,1.6285652302462457e+04,
2.2908049399746804e+00,1.6234668959260529e+04,

