1
1
21
1
(4 0
((0,0) (63,63) (0,0))
((0,64) (63,127) (0,0))
((0,128) (63,191) (0,0))
((0,192) (63,255) (0,0))
)
4
FabOnDisk: SD_5_Old_MF_D_00000 0
FabOnDisk: SD_5_Old_MF_D_00001 0
FabOnDisk: SD_5_Old_MF_D_00002 0
FabOnDisk: SD_5_Old_MF_D_00003 0

4,21
-1.2325857222500902e-10,-9.5464023880847420e-10,-1.2045338361347710e-07,-3.2832693432283122e-04,-1.4819305697802170e-07,-3.4888052612460752e-06,-9.9023930942520465e-08,-1.5702578560396540e-14,-3.6243299493525693e-14,-4.4081945908791712e-09,-4.1998430190233194e-03,-2.1920299242099233e-13,-7.3106886517062426e-26,-7.2751626800770275e-15,-4.5095016665870205e-12,-9.3179426439420488e-12,-1.0140982660763910e-17,-5.5999516970614240e-15,-2.4546697494192415e-23,-1.8471837393008173e-09,-0.0000000000000000e+00,
-4.6761097078601232e-71,-2.5035920144912746e-45,-8.0804055567566840e-51,-2.7997630478241808e-11,-1.0687558980378791e-50,-2.8933318093011104e-70,-5.4815729382986183e-42,-4.3701874884247740e-71,-2.5249824634541813e-72,-1.8202931482203421e-80,-4.1180460715744231e-83,-2.1795719846858889e-69,-2.2496419262691476e-102,-2.3786219265864443e-71,-4.1236291772733909e-80,-6.3081344034823287e-84,-1.1543196912960384e-87,-1.0548511810744454e-87,-2.8574684782056875e-100,-5.5995260956483616e-11,-0.0000000000000000e+00,
-4.7556175545257933e-72,-6.4630445670203461e-46,-1.8904911010490100e-51,-2.7997630478237672e-11,-1.9217865699062007e-51,-2.8933310823873353e-70,-7.8476680785457124e-43,-4.3701863904824821e-71,-2.5249818259117520e-72,-3.8169988794571143e-107,-1.7031839360032603e-108,-2.1455422191774548e-69,-2.2155351978184775e-102,-2.3786213290102028e-71,-7.5721039790005415e-107,-7.5713300303309566e-112,-1.6878618806913974e-115,-1.7605199689457575e-115,-6.9247339633393018e-128,-5.5995260956476999e-11,-0.0000000000000000e+00,
-2.9692592311549095e-71,-5.3855056172781092e-45,-6.4957419710570324e-51,-2.7997630478238499e-11,-5.7059527013320892e-51,-2.8933315403315779e-70,-1.0588714319906245e-41,-4.3701870822100959e-71,-2.5249822247765330e-72,-5.5049308647046367e-117,-4.6164893088928679e-128,-2.1795700166346161e-69,-2.2496414930763960e-102,-2.3786197082674259e-71,-3.1823148351599253e-116,-8.8186050543690937e-131,-1.7020808344651783e-134,-1.7493529114201634e-134,-5.1166020911621226e-141,-5.5995260956476999e-11,-0.0000000000000000e+00,

4,21
5.6678998520218937e-05,3.0101382534551150e-06,1.8108009372567115e-06,9.6017856776597910e-08,2.0747309811140304e-06,1.5729457744863075e-06,3.3881748932774379e-04,3.4065807999701185e-13,2.3261119251214226e-14,9.8772255057319588e-04,1.5631607791419810e-03,2.8209835321176361e-11,2.0515374617912698e-18,1.9288895594222621e-12,8.2318541346557170e-07,3.9298912426426679e-08,3.3514456854333291e-11,3.3070475857024247e-11,2.2267699377508085e-09,2.2973836166784167e-09,-0.0000000000000000e+00,
1.4330793262105071e-70,4.5589456224315873e-45,8.8721484965931979e-51,2.7997630478241808e-11,8.3584157725916490e-51,2.8933320340721138e-70,4.8832818586722372e-42,4.3701878314064453e-71,2.5249826572793134e-72,2.0644640204967423e-80,6.5888737145190770e-83,2.1795708096314040e-69,2.2496407125125300e-102,2.3786206031755843e-71,3.6359143413322069e-80,7.1520248267802879e-84,1.0182655070968351e-87,1.1957937111831786e-87,4.5719495651290999e-100,1.1199052191295400e-10,-0.0000000000000000e+00,
1.5942124855217430e-72,4.6038073162053128e-46,2.1024123926390106e-51,2.7997630478238499e-11,1.0984761566529588e-51,5.7866578883624083e-70,5.8334286153785590e-43,8.7403663360748409e-71,5.0499599258874592e-72,3.7915168800128353e-107,1.2773879520024452e-108,4.2910658427781623e-69,4.4310513464000184e-102,4.7571821715745771e-71,7.6229945167539001e-107,7.5198691961020306e-112,1.6994594034645802e-115,1.7485057540778438e-115,6.9247339633393018e-128,1.1199052191295234e-10,-0.0000000000000000e+00,
2.2861595634909831e-71,1.4418777523175773e-45,2.7558253273248435e-51,2.7997630478241808e-11,1.9400578921756134e-51,2.8933303957184238e-70,1.0550596752448671e-42,4.3701853567454476e-71,2.5249812284165688e-72,8.4624520135699202e-117,3.4623669816696509e-128,2.1455417201359530e-69,2.2155346822343516e-102,2.3786207663765941e-71,5.9201541914501611e-116,8.8899335400491337e-131,1.6886796558582916e-134,1.7632355864028771e-134,5.0816595526037115e-142,1.1199052191295400e-10,-0.0000000000000000e+00,

