CheckPointVersion_1.0
2
6.5890779538715826e-05
0
0
(0 (0,0)(0.00015625,0.00015625) 1)
(RealBox 0 0.01 0 0.040000000000000001 )((0,0) (63,255) (0,0))P(0,0) 

7.1609421267214731e-06 
7.8770363393936212e-06 
1 
19 
19 
0
(0 (0,0)(0.00015625,0.00015625) 1)
(RealBox 0 0.01 0 0.040000000000000001 )((0,0) (63,255) (0,0))P(0,0)
(4 0
((0,0) (63,63) (0,0))
((0,64) (63,127) (0,0))
((0,128) (63,191) (0,0))
((0,192) (63,255) (0,0))
)6
((0,0) (63,255) (0,0))
(4 0
((0,0) (63,63) (0,0))
((0,64) (63,127) (0,0))
((0,128) (63,191) (0,0))
((0,192) (63,255) (0,0))
)5.8729837411994348e-05
5.8729837411994348e-05
6.5890779538715826e-05
6.5890779538715826e-05
2
Level_0/SD_0_New_MF
Level_0/SD_0_Old_MF
((0,0) (64,256) (1,1))
(4 0
((0,0) (64,64) (1,1))
((0,64) (64,128) (1,1))
((0,128) (64,192) (1,1))
((0,192) (64,256) (1,1))
)5.2219890024065735e-05
5.8729837411994348e-05
5.8729837411994348e-05
6.5890779538715826e-05
2
Level_0/SD_1_New_MF
Level_0/SD_1_Old_MF
((0,0) (63,255) (0,0))
(4 0
((0,0) (63,63) (0,0))
((0,64) (63,127) (0,0))
((0,128) (63,191) (0,0))
((0,192) (63,255) (0,0))
)5.2219890024065735e-05
5.8729837411994348e-05
5.8729837411994348e-05
6.5890779538715826e-05
2
Level_0/SD_2_New_MF
Level_0/SD_2_Old_MF
((0,0) (63,255) (0,0))
(4 0
((0,0) (63,63) (0,0))
((0,64) (63,127) (0,0))
((0,128) (63,191) (0,0))
((0,192) (63,255) (0,0))
)5.8729837411994348e-05
5.8729837411994348e-05
6.5890779538715826e-05
6.5890779538715826e-05
2
Level_0/SD_3_New_MF
Level_0/SD_3_Old_MF
((0,0) (63,255) (0,0))
(4 0
((0,0) (63,63) (0,0))
((0,64) (63,127) (0,0))
((0,128) (63,191) (0,0))
((0,192) (63,255) (0,0))
)5.8729837411994348e-05
5.8729837411994348e-05
6.5890779538715826e-05
6.5890779538715826e-05
2
Level_0/SD_4_New_MF
Level_0/SD_4_Old_MF
((0,0) (63,255) (0,0))
(4 0
((0,0) (63,63) (0,0))
((0,64) (63,127) (0,0))
((0,128) (63,191) (0,0))
((0,192) (63,255) (0,0))
)5.8729837411994348e-05
5.8729837411994348e-05
6.5890779538715826e-05
6.5890779538715826e-05
2
Level_0/SD_5_New_MF
Level_0/SD_5_Old_MF
