1
1
27
1
(4 0
((0,0) (63,63) (0,0))
((0,64) (63,127) (0,0))
((0,128) (63,191) (0,0))
((0,192) (63,255) (0,0))
)
4
FabOnDisk: SD_0_New_MF_D_00000 0
FabOnDisk: SD_0_New_MF_D_00001 0
FabOnDisk: SD_0_New_MF_D_00002 0
FabOnDisk: SD_0_New_MF_D_00003 0

4,27
-3.7557388677341375e-01,5.2579584401451114e-02,1.5961518377921693e-01,0.0000000000000000e+00,0.0000000000000000e+00,0.0000000000000000e+00,2.8254656338090761e-10,0.0000000000000000e+00,0.0000000000000000e+00,0.0000000000000000e+00,0.0000000000000000e+00,0.0000000000000000e+00,0.0000000000000000e+00,0.0000000000000000e+00,0.0000000000000000e+00,0.0000000000000000e+00,0.0000000000000000e+00,0.0000000000000000e+00,0.0000000000000000e+00,0.0000000000000000e+00,0.0000000000000000e+00,0.0000000000000000e+00,9.8177211895429848e-10,0.0000000000000000e+00,-1.5755412749868990e+06,3.0000000000000000e+02,1.0115988345554679e+05,
2.9798428497210852e-06,4.6759977108090567e-01,1.1719552866828182e+00,0.0000000000000000e+00,0.0000000000000000e+00,0.0000000000000000e+00,2.7294838626842893e-01,0.0000000000000000e+00,0.0000000000000000e+00,0.0000000000000000e+00,0.0000000000000000e+00,0.0000000000000000e+00,0.0000000000000000e+00,0.0000000000000000e+00,0.0000000000000000e+00,0.0000000000000000e+00,0.0000000000000000e+00,0.0000000000000000e+00,0.0000000000000000e+00,0.0000000000000000e+00,0.0000000000000000e+00,0.0000000000000000e+00,8.9900690041438980e-01,0.0000000000000000e+00,2.2356530670232091e+03,3.0000000000000000e+02,1.0132499999999817e+05,
1.2920603865704481e-07,4.6999198687944232e-01,1.1719552866828269e+00,0.0000000000000000e+00,0.0000000000000000e+00,0.0000000000000000e+00,2.7294838626843082e-01,0.0000000000000000e+00,0.0000000000000000e+00,0.0000000000000000e+00,0.0000000000000000e+00,0.0000000000000000e+00,0.0000000000000000e+00,0.0000000000000000e+00,0.0000000000000000e+00,0.0000000000000000e+00,0.0000000000000000e+00,0.0000000000000000e+00,0.0000000000000000e+00,0.0000000000000000e+00,0.0000000000000000e+00,0.0000000000000000e+00,8.9900690041439657e-01,0.0000000000000000e+00,2.2356530670232246e+03,3.0000000000000000e+02,1.0132499999999894e+05,
3.9734702481417502e-10,4.7010293258777047e-01,1.1719552866828276e+00,0.0000000000000000e+00,0.0000000000000000e+00,0.0000000000000000e+00,2.7294838626843082e-01,0.0000000000000000e+00,0.0000000000000000e+00,0.0000000000000000e+00,0.0000000000000000e+00,0.0000000000000000e+00,0.0000000000000000e+00,0.0000000000000000e+00,0.0000000000000000e+00,0.0000000000000000e+00,0.0000000000000000e+00,0.0000000000000000e+00,0.0000000000000000e+00,0.0000000000000000e+00,0.0000000000000000e+00,0.0000000000000000e+00,8.9900690041439713e-01,0.0000000000000000e+00,2.2356530670232260e+03,3.0000000000000000e+02,1.0132499999999898e+05,

4,27
4.2831262904079836e-01,7.9148337218926479e-01,1.1719552866856562e+00,2.1658037045953296e-09,3.0683504849241933e-12,4.6586983078811424e-11,2.7294838626903928e-01,8.5018119262524651e-11,7.1098906792800682e-09,1.9070486651434737e-07,9.0554920619788631e-16,6.3347656342632583e-17,1.1613595864780657e-07,3.8341582696476945e-01,4.6409908856661706e-12,9.3355369119072585e-18,2.2609832591641823e-14,9.5946591638525859e-09,2.1870272730592286e-11,4.7306028190016369e-12,4.2344391566433546e-13,1.6327899849276210e-10,8.9900690041661790e-01,0.0000000000000000e+00,2.9803847810460225e+05,1.2999453387313406e+03,1.0163460975480123e+05,
2.7122919101174345e-03,4.7301779641416586e-01,1.1719552866829197e+00,1.4265023583764391e-61,2.7127456492966712e-52,5.5630459591463268e-56,2.7294838626845030e-01,5.2363648343279031e-56,2.5333814285530581e-70,3.7767671764557290e-47,4.6336819642471378e-76,2.2174602296986156e-77,1.0234496550919347e-68,2.5334244181095938e-63,1.5465006647064845e-73,7.6711868740309772e-83,2.6004583966295634e-76,1.7222008608895078e-73,7.7024257385574437e-77,5.2893538491918968e-77,2.2363045740692041e-79,1.1156493356021196e-76,8.9900690041446873e-01,0.0000000000000000e+00,2.2356530670234006e+03,3.0000000000000000e+02,1.0132500000000688e+05,
1.1635880605376872e-04,4.7022467704052084e-01,1.1719552866828553e+00,1.3732490714282732e-75,8.6077219509641189e-53,7.3065172911640365e-56,2.7294838626843676e-01,6.7598961902234008e-56,1.4658497982258240e-74,2.7126735630897927e-47,4.6348587566746394e-76,2.2174639448764523e-77,4.8967703335777291e-92,7.4365964501498106e-86,1.1966971198261590e-73,3.2118508998749359e-105,2.6013389565687877e-76,2.4511643719033132e-97,3.7560240942821814e-101,3.5989282494807507e-101,9.1226819439757988e-104,4.3998520232988836e-101,8.9900690041441877e-01,0.0000000000000000e+00,2.2356530670232796e+03,3.0000000000000000e+02,1.0132500000000137e+05,
5.0116321763809643e-06,4.7011299369613480e-01,1.1719552866828895e+00,1.5846419997730690e-75,3.0514789005947612e-52,2.6256983061546280e-56,2.7294838626844420e-01,2.4498723296574523e-56,1.5132114135241088e-74,1.5893966073044147e-47,4.6348667397336569e-76,2.2174677612482115e-77,1.5539529262770318e-109,9.6191503319556904e-103,1.1996101514909616e-73,3.2484074897515536e-105,2.6009330782596266e-76,5.7931928960883615e-115,6.4649167734044347e-119,6.6280043850832893e-119,1.6249706692967842e-121,7.6768406805532604e-119,8.9900690041444531e-01,0.0000000000000000e+00,2.2356530670233437e+03,3.0000000000000000e+02,1.0132500000000432e+05,

