1
1
27
1
(4 0
((0,0) (63,63) (0,0))
((0,64) (63,127) (0,0))
((0,128) (63,191) (0,0))
((0,192) (63,255) (0,0))
)
4
FabOnDisk: SD_0_Old_MF_D_00000 0
FabOnDisk: SD_0_Old_MF_D_00001 0
FabOnDisk: SD_0_Old_MF_D_00002 0
FabOnDisk: SD_0_Old_MF_D_00003 0

4,27
-3.8340963830924374e-01,4.1374046233565213e-02,1.5781286367838346e-01,0.0000000000000000e+00,0.0000000000000000e+00,0.0000000000000000e+00,1.5192015267722250e-10,0.0000000000000000e+00,0.0000000000000000e+00,0.0000000000000000e+00,0.0000000000000000e+00,0.0000000000000000e+00,0.0000000000000000e+00,0.0000000000000000e+00,0.0000000000000000e+00,0.0000000000000000e+00,0.0000000000000000e+00,0.0000000000000000e+00,0.0000000000000000e+00,0.0000000000000000e+00,0.0000000000000000e+00,0.0000000000000000e+00,5.3106477264843946e-10,0.0000000000000000e+00,-1.5759947602397855e+06,3.0000000000000000e+02,1.0116254390763433e+05,
3.1762234344038605e-06,4.6985123397883927e-01,1.1719552866828062e+00,0.0000000000000000e+00,0.0000000000000000e+00,0.0000000000000000e+00,2.7294838626842605e-01,0.0000000000000000e+00,0.0000000000000000e+00,0.0000000000000000e+00,0.0000000000000000e+00,0.0000000000000000e+00,0.0000000000000000e+00,0.0000000000000000e+00,0.0000000000000000e+00,0.0000000000000000e+00,0.0000000000000000e+00,0.0000000000000000e+00,0.0000000000000000e+00,0.0000000000000000e+00,0.0000000000000000e+00,0.0000000000000000e+00,8.9900690041438058e-01,0.0000000000000000e+00,2.2356530670231855e+03,3.0000000000000000e+02,1.0132499999999713e+05,
1.3769652201432616e-07,4.7240576779970295e-01,1.1719552866828131e+00,0.0000000000000000e+00,0.0000000000000000e+00,0.0000000000000000e+00,2.7294838626842760e-01,0.0000000000000000e+00,0.0000000000000000e+00,0.0000000000000000e+00,0.0000000000000000e+00,0.0000000000000000e+00,0.0000000000000000e+00,0.0000000000000000e+00,0.0000000000000000e+00,0.0000000000000000e+00,0.0000000000000000e+00,0.0000000000000000e+00,0.0000000000000000e+00,0.0000000000000000e+00,0.0000000000000000e+00,0.0000000000000000e+00,8.9900690041438613e-01,0.0000000000000000e+00,2.2356530670231987e+03,3.0000000000000000e+02,1.0132499999999777e+05,
4.0609670782451013e-10,4.7252401449305925e-01,1.1719552866828125e+00,0.0000000000000000e+00,0.0000000000000000e+00,0.0000000000000000e+00,2.7294838626842732e-01,0.0000000000000000e+00,0.0000000000000000e+00,0.0000000000000000e+00,0.0000000000000000e+00,0.0000000000000000e+00,0.0000000000000000e+00,0.0000000000000000e+00,0.0000000000000000e+00,0.0000000000000000e+00,0.0000000000000000e+00,0.0000000000000000e+00,0.0000000000000000e+00,0.0000000000000000e+00,0.0000000000000000e+00,0.0000000000000000e+00,8.9900690041438569e-01,0.0000000000000000e+00,2.2356530670231978e+03,3.0000000000000000e+02,1.0132499999999769e+05,

4,27
4.3474089394966342e-01,8.1039724038783001e-01,1.1719552866876479e+00,2.0819366671894551e-09,2.9633585456099186e-12,4.2421124371864961e-11,2.7294838626950563e-01,7.5810995627371304e-11,5.7197298523324128e-09,1.6904784539859363e-07,7.2184323345865052e-16,4.9809074181728957e-17,1.0331982940036149e-07,3.8349093896790398e-01,3.2377616764584461e-12,5.4185523938847898e-18,1.7712678128717025e-14,7.5137932198770762e-09,1.8997597113352454e-11,3.3143734302557999e-12,3.3160792032235700e-13,1.1420460542078484e-10,8.9900690041814324e-01,0.0000000000000000e+00,2.9834611003421783e+05,1.2999715246282381e+03,1.0158932011483326e+05,
2.8896920329237242e-03,4.7562404246322898e-01,1.1719552866829850e+00,7.5395156197828212e-63,1.8783266061992650e-51,5.8083791404983796e-56,2.7294838626846557e-01,5.4132859522502467e-56,2.6546529125838590e-70,3.9160718456844580e-47,1.0052660252480795e-75,4.8793845486652624e-77,5.1715028773769301e-70,1.1616679359945661e-64,1.5948981034668389e-73,2.2328230683861207e-84,5.6345889913757252e-76,7.1280880444247636e-75,3.4993387341911109e-78,1.9224512543947810e-78,9.2444214766594831e-81,3.9870067242026128e-78,8.9900690041451892e-01,0.0000000000000000e+00,2.2356530670235256e+03,3.0000000000000000e+02,1.0132500000001253e+05,
1.2400461659262975e-04,4.7265374863007698e-01,1.1719552866828733e+00,1.4696917732499556e-75,4.6027826203246776e-52,7.6333799527126397e-56,2.7294838626844076e-01,7.0691577016811882e-56,1.4570812848088086e-74,2.8043101438681331e-47,5.0290711843367338e-76,2.4397119331330872e-77,1.3266243541001593e-93,1.9667029293017530e-87,1.1922978636599478e-73,2.9021146071125218e-105,2.8196179283227327e-76,5.7974333975984583e-99,9.0508664210789612e-103,7.0148207665376343e-103,2.0145631762726470e-105,8.4086335696110186e-103,8.9900690041443232e-01,0.0000000000000000e+00,2.2356530670233119e+03,3.0000000000000000e+02,1.0132500000000290e+05,
5.3409141274599864e-06,4.7253473683843061e-01,1.1719552866829488e+00,1.6724789582789661e-75,5.1498705234367823e-52,2.7375444893166151e-56,2.7294838626845808e-01,2.5466686828877528e-56,1.5778252446370311e-74,1.6289613494377607e-47,5.0235057843066831e-76,2.4396638653509717e-77,3.1257612390955839e-111,1.6748010938814911e-104,1.2514884721384509e-73,2.9817991245861312e-105,2.8158163127817992e-76,1.2160428783156152e-116,1.4636179602155477e-120,1.2259925116542966e-120,3.2348733844890368e-123,1.3205385024189736e-120,8.9900690041449083e-01,0.0000000000000000e+00,2.2356530670234574e+03,3.0000000000000000e+02,1.0132500000000946e+05,

