1
1
2
1
(4 0
((0,0) (63,63) (0,0))
((0,64) (63,127) (0,0))
((0,128) (63,191) (0,0))
((0,192) (63,255) (0,0))
)
4
FabOnDisk: SD_2_New_MF_D_00000 0
FabOnDisk: SD_2_New_MF_D_00001 0
FabOnDisk: SD_2_New_MF_D_00002 0
FabOnDisk: SD_2_New_MF_D_00003 0

4,2
-4.3525607948291736e+02,-5.8026458551831865e+02,
3.2670165163040110e-02,3.5655978196313072e+02,
1.4127795409990540e-03,3.8352026847446723e+02,
2.9264513701221517e-06,3.8473496316832296e+02,

4,2
1.0873953367630236e+03,1.1283142245666056e+03,
2.9547159568255665e+01,4.1560508509718375e+02,
1.2721683728528888e+00,3.8606443893395976e+02,
5.4791787171382111e-02,3.8484497742319803e+02,

