1
1
2
1
(4 0
((0,0) (63,63) (0,0))
((0,64) (63,127) (0,0))
((0,128) (63,191) (0,0))
((0,192) (63,255) (0,0))
)
4
FabOnDisk: SD_2_Old_MF_D_00000 0
FabOnDisk: SD_2_Old_MF_D_00001 0
FabOnDisk: SD_2_Old_MF_D_00002 0
FabOnDisk: SD_2_Old_MF_D_00003 0

4,2
-5.0307651306616208e+02,-6.7244638857268910e+02,
3.8334634001557788e-02,4.1958442943977161e+02,
1.6577474241330492e-03,4.5121529131250782e+02,
3.4340023269407993e-06,4.5264060553309662e+02,

4,2
1.2814364387863975e+03,1.3080198044950748e+03,
3.4671037371737157e+01,4.8886933638275423e+02,
1.4927616836416746e+00,4.5420062223105333e+02,
6.4292402674936966e-02,4.5276969583954099e+02,

