1
1
21
1
(4 0
((0,0) (63,63) (0,0))
((0,64) (63,127) (0,0))
((0,128) (63,191) (0,0))
((0,192) (63,255) (0,0))
)
4
FabOnDisk: SD_5_Old_MF_D_00000 0
FabOnDisk: SD_5_Old_MF_D_00001 0
FabOnDisk: SD_5_Old_MF_D_00002 0
FabOnDisk: SD_5_Old_MF_D_00003 0

4,21
-1.4534006779671314e-09,-9.9015021896035220e-08,-2.4714110991080455e-07,-4.5300523843252449e-03,-1.7024974028750896e-07,-6.5435667600574035e-10,-4.1177191759618806e-09,-2.2747602431593222e-12,-1.2778461399663473e-13,-4.1392297440268717e-08,-2.8155047885434215e-03,-2.8770839335837469e-15,-1.6504939304295206e-25,-3.7555016235820387e-11,-2.0454998520471967e-10,-2.5117745124885712e-08,-1.8865419957724932e-13,-1.4876536456174053e-10,-2.0350745948610852e-35,-8.0081008491106331e-10,-0.0000000000000000e+00,
-3.2128205169313912e-71,-2.6660886373218593e-46,-2.5531371968268642e-51,-1.5728018804410075e-11,-2.5664865928636520e-51,-1.5189155631179439e-69,-1.6421380912003021e-42,-7.7166736205369995e-71,-3.7476009630066987e-72,-1.2291457389978251e-70,-1.1054295750520889e-74,-1.2246345965966783e-68,-1.1985091468012028e-94,-4.3247365508475464e-71,-2.1191184524017942e-70,-7.7203664715595680e-74,-2.0117857986253875e-76,-2.4014468544945519e-76,-1.2567279271162180e-88,-2.7864862214983385e-11,-0.0000000000000000e+00,
-2.5958625827533990e-72,-1.3180836935877606e-46,-8.8401934268090960e-52,-1.4768588835534442e-11,-1.1706216995592846e-51,-1.5189155860328900e-69,-6.2847273227997884e-43,-7.7167669820711437e-71,-3.7476442122164134e-72,-3.1982344224234551e-94,-8.7781431650478719e-98,-1.1583628447609024e-68,-3.8397111102659027e-101,-4.3254276015794523e-71,-6.3618678503672742e-94,-2.0292992895787506e-98,-5.1163779280712668e-101,-5.3046239892989137e-101,-3.8982786621168372e-113,-2.8099703701601724e-11,-0.0000000000000000e+00,
-1.7268855159103032e-71,-4.3371183766521343e-46,-2.4480607485009459e-51,-1.3248973287652524e-11,-1.8550502276632776e-51,-3.0378257484584375e-69,-1.0973550801753868e-42,-1.5433197728537879e-70,-7.4951279738083536e-72,-7.5261487559438711e-112,-1.2182120819115116e-114,-2.3167263610204090e-68,-7.6970091096098560e-101,-8.6507633007231103e-71,-1.5614580174947444e-111,-3.2868043757111581e-116,-8.3026770018578034e-119,-8.5326894337581780e-119,-6.7624355110735369e-131,-2.7426396918650390e-11,-0.0000000000000000e+00,

4,21
4.8147194024224487e-05,9.0404303289924297e-08,1.4399929959449632e-06,3.1823503832129063e-09,2.6932086841616466e-06,2.3201840278950646e-04,4.3130370124192406e-03,2.7849076208432627e-11,2.1126703928458493e-12,2.4815976309371236e-03,6.7079213295073714e-09,1.8427346150086869e-07,4.0336342456959372e-13,7.6558899813841559e-10,3.1707811055991841e-04,5.4965134796100972e-07,1.8421651274183388e-07,1.3752517289346540e-08,6.1322685386748631e-06,1.2942109606228769e-09,-0.0000000000000000e+00,
3.3951473074665451e-71,2.8188083838601495e-46,2.8666419888191204e-51,1.8909625792774525e-11,4.0925017192697556e-51,3.0378956059912209e-69,1.5289329184223883e-42,1.5433872057219302e-70,7.4954616804508566e-72,1.0607750748599686e-70,6.6325774503125335e-75,2.4492663485929120e-68,2.3970182936024055e-94,8.6496591787987779e-71,2.4554716015443877e-70,6.6825340290141286e-74,2.3181568575076598e-76,2.0840680657044460e-76,2.5134558542324360e-88,3.8829122547749754e-11,-0.0000000000000000e+00,
2.0254978177695206e-72,6.7818813770075127e-47,1.4298495326695106e-51,1.4464374240187994e-11,1.0313725675554831e-51,1.5189768144915697e-69,4.3101291359066201e-43,7.8803339861964567e-71,3.8285066142398786e-72,3.1854578328254927e-94,1.4630238608413120e-97,1.0933125778716471e-68,5.6961652941452463e-101,4.4003112543190385e-71,6.3873842774466607e-94,2.0259356156264748e-98,5.1206423553725795e-101,5.3002063436649224e-101,6.4971311035280620e-113,3.3043396024225838e-11,-0.0000000000000000e+00,
5.4895646436291381e-72,7.9133148380772959e-47,1.3758903277629060e-51,1.5874105559448153e-11,8.5321137419161929e-52,1.5189132436763429e-69,7.7308730619996045e-43,7.7168526020826988e-71,3.7476870814007389e-72,7.8184724729108914e-112,6.0910604095575581e-115,1.2246942114921808e-68,5.9233184395891432e-101,4.3254817129968843e-71,1.5030755318766292e-111,3.3185127077782383e-116,8.2367479783429906e-119,8.6009872478748968e-119,9.0165806814313826e-131,3.8251680333571191e-11,-0.0000000000000000e+00,

