1
1
21
1
(4 0
((0,0) (63,63) (0,0))
((0,64) (63,127) (0,0))
((0,128) (63,191) (0,0))
((0,192) (63,255) (0,0))
)
4
FabOnDisk: SD_5_New_MF_D_00000 0
FabOnDisk: SD_5_New_MF_D_00001 0
FabOnDisk: SD_5_New_MF_D_00002 0
FabOnDisk: SD_5_New_MF_D_00003 0

4,21
-1.7160207846510949e-09,-8.8125894875001383e-08,-2.2122137890040771e-07,-4.5767755128451881e-03,-1.7752759717938164e-07,-6.2145769008521272e-10,-6.8521884430216120e-09,-2.7274986505995111e-12,-1.5401655717891357e-13,-5.6831885069423213e-08,-2.8433014819029268e-03,-2.9316009437718646e-15,-1.4450704469384436e-24,-5.0756233622859561e-11,-1.5085301894461511e-10,-2.8365526253631527e-08,-2.3350599191189905e-13,-1.6849998224878071e-10,-3.4212763080682678e-35,-8.9630702859722078e-10,-0.0000000000000000e+00,
-1.1319598848533390e-71,-1.9948981600499353e-46,-1.7910826282390550e-52,-1.3993235488399262e-11,-6.1082836243295900e-52,-5.5793799017301430e-69,-1.1850552009508972e-43,-2.5875672955974924e-70,-1.2386404813598417e-71,-2.4295066747689362e-69,-2.8298997121333476e-73,-3.9904973336603273e-68,-5.7528439046457733e-93,-1.4516523365328192e-70,-4.1839216488081157e-69,-1.6972350241999164e-72,-4.8561540526321053e-75,-5.7913348683711490e-75,-5.0269117084648720e-87,-2.7471371323446754e-11,-0.0000000000000000e+00,
-3.0591059863200203e-74,-5.5822654734672039e-47,-1.2943939352228238e-52,-1.1545968877967667e-11,-1.1528230137602749e-52,-1.3948268860705662e-69,-1.6526670124750369e-43,-6.9882093515106106e-71,-3.5066564912221631e-72,-1.1797082419449399e-92,-5.6180116256306380e-96,-1.1180414300209573e-68,-3.7553502081515044e-101,-3.9002978698806593e-71,-2.3454548511659858e-92,-8.3848347526847305e-97,-2.3048070794279931e-99,-2.3902019691852317e-99,-4.9897966875095516e-111,-2.2603138005393315e-11,-0.0000000000000000e+00,
-1.2763962352793649e-73,-6.9608947440743955e-47,-1.5760310674940742e-52,-1.2478734110551343e-11,-1.5459583077184476e-52,-2.7896805369928181e-69,-1.2072746306126423e-43,-1.2943203453654740e-70,-6.1958619621087401e-72,-3.7638097078352898e-110,-1.0395409765644899e-112,-2.2366555616818058e-68,-8.1512338361596165e-101,-7.2627269844736929e-71,-7.8607954671058120e-110,-1.4444832977708541e-114,-4.1798797551306912e-117,-4.2631061854161560e-117,-5.7706116361160849e-129,-2.2785742559898411e-11,-0.0000000000000000e+00,

4,21
4.6266391936669948e-05,9.1922734181607513e-08,1.3445213105670577e-06,2.8684041808446636e-09,2.5640165696760003e-06,2.5973228056991662e-04,4.3050076298127866e-03,3.1325218324297984e-11,2.4031395799095394e-12,2.4813041285065389e-03,7.1071895035856869e-09,2.3676361366730649e-07,6.2567527767381702e-13,8.7294533374173501e-10,3.6099852597839638e-04,5.7421451813302280e-07,2.3394101673370891e-07,1.5561185915093566e-08,7.8202190657726661e-06,7.0940586738288403e-10,-0.0000000000000000e+00,
1.3583518618240069e-71,1.3907562429810748e-47,2.8746725785243049e-52,1.4333468941763069e-11,3.0676106257381442e-52,1.3948544705540831e-69,1.5628172887338765e-43,6.4689048405836425e-71,3.0966161924641760e-72,2.0942876611630318e-69,1.7686873200833423e-73,1.1183630921536108e-68,5.7528439046457733e-93,3.6291064826218187e-71,4.8536053119694677e-69,1.4715005272577506e-72,5.5904725162270500e-75,5.0306327791737240e-75,5.0269117084648720e-87,3.5219380502679803e-11,-0.0000000000000000e+00,
6.3742782400211533e-73,7.5543511349141179e-48,1.3532630948790087e-52,1.3900756748076835e-11,1.4914985141666392e-52,1.3948694935403173e-69,7.2112581674374312e-44,6.4687467781377968e-71,3.0965418283497793e-72,1.1743909137799366e-92,5.6180116256306380e-96,1.1189230674804619e-68,5.7044739790535589e-101,3.6301995406384533e-71,2.3560742318154660e-92,8.3688013157539169e-97,2.3073019814367536e-99,2.3876174268315366e-99,4.1581639062579597e-111,3.5398452962203527e-11,-0.0000000000000000e+00,
2.1841365789183582e-72,3.2426155191738508e-47,4.5340044822975205e-52,1.2868850183218992e-11,5.3210177721986168e-52,1.3948718924577673e-69,2.8567001808990071e-43,6.2347011644081186e-71,2.9828090532032570e-72,3.9360801313039779e-110,1.2994262207056124e-112,1.1188686345884701e-68,5.6453260521503983e-101,3.5279967921490237e-71,7.5167516589224461e-110,1.4727413620483129e-114,4.1152477805193686e-117,4.3300603484283182e-117,7.2132645451451061e-129,3.5669287845333492e-11,-0.0000000000000000e+00,

