1
1
34
0
(4 0
((0,0) (63,63) (0,0))
((0,64) (63,127) (0,0))
((0,128) (63,191) (0,0))
((0,192) (63,255) (0,0))
)
4
FabOnDisk: Cell_D_00000 0
FabOnDisk: Cell_D_00001 0
FabOnDisk: Cell_D_00002 0
FabOnDisk: Cell_D_00003 0

4,34
-3.4702970250233811e-01,6.9491888353849660e-02,1.5039225479790078e-01,-1.5751757242857574e+06,3.0000000000000000e+02,1.0132500000000000e+05,-6.7060345037515954e+03,-4.2917288146248720e+03,-1.6415117320972320e+04,2.8000000000000000e+01,0.0000000000000000e+00,0.0000000000000000e+00,0.0000000000000000e+00,0.0000000000000000e+00,0.0000000000000000e+00,0.0000000000000000e+00,0.0000000000000000e+00,0.0000000000000000e+00,0.0000000000000000e+00,0.0000000000000000e+00,0.0000000000000000e+00,0.0000000000000000e+00,0.0000000000000000e+00,0.0000000000000000e+00,0.0000000000000000e+00,0.0000000000000000e+00,0.0000000000000000e+00,0.0000000000000000e+00,0.0000000000000000e+00,0.0000000000000000e+00,0.0000000000000000e+00,-2.8906762784869711e+03,-1.5631607791419810e-03,-1.6682862920143205e+04,
1.3751153947772234e-05,5.8774995073046177e-01,1.1719552866828398e+00,2.2356530670232487e+03,3.0000000000000000e+02,1.0132500000000000e+05,1.3657715969598638e+00,1.5052856463558646e+04,0.0000000000000000e+00,2.8000000000000000e+01,0.0000000000000000e+00,0.0000000000000000e+00,0.0000000000000000e+00,2.3290000000000000e-01,0.0000000000000000e+00,0.0000000000000000e+00,0.0000000000000000e+00,0.0000000000000000e+00,0.0000000000000000e+00,0.0000000000000000e+00,0.0000000000000000e+00,0.0000000000000000e+00,0.0000000000000000e+00,0.0000000000000000e+00,0.0000000000000000e+00,0.0000000000000000e+00,0.0000000000000000e+00,0.0000000000000000e+00,0.0000000000000000e+00,7.6710000000000000e-01,0.0000000000000000e+00,5.0433521044286611e-06,-6.5888737145190770e-83,-2.6829904776593952e-07,
5.9501668506917547e-07,5.9903105273851698e-01,1.1719552866828398e+00,2.2356530670232487e+03,3.0000000000000000e+02,1.0132500000000000e+05,5.9067084574007667e-02,1.6179288355147746e+04,0.0000000000000000e+00,2.8000000000000000e+01,0.0000000000000000e+00,0.0000000000000000e+00,0.0000000000000000e+00,2.3290000000000000e-01,0.0000000000000000e+00,0.0000000000000000e+00,0.0000000000000000e+00,0.0000000000000000e+00,0.0000000000000000e+00,0.0000000000000000e+00,0.0000000000000000e+00,0.0000000000000000e+00,0.0000000000000000e+00,0.0000000000000000e+00,0.0000000000000000e+00,0.0000000000000000e+00,0.0000000000000000e+00,0.0000000000000000e+00,0.0000000000000000e+00,7.6710000000000000e-01,0.0000000000000000e+00,2.2583808583360706e-07,-1.2773879520024452e-108,-2.2073735856163158e-07,
1.2330408017992340e-09,5.9954247671296745e-01,1.1719552866828398e+00,2.2356530670232487e+03,3.0000000000000000e+02,1.0132500000000000e+05,1.2239477638850173e-04,1.6230069404853963e+04,0.0000000000000000e+00,2.8000000000000000e+01,0.0000000000000000e+00,0.0000000000000000e+00,0.0000000000000000e+00,2.3290000000000000e-01,0.0000000000000000e+00,0.0000000000000000e+00,0.0000000000000000e+00,0.0000000000000000e+00,0.0000000000000000e+00,0.0000000000000000e+00,0.0000000000000000e+00,0.0000000000000000e+00,0.0000000000000000e+00,0.0000000000000000e+00,0.0000000000000000e+00,0.0000000000000000e+00,0.0000000000000000e+00,0.0000000000000000e+00,0.0000000000000000e+00,7.6710000000000000e-01,0.0000000000000000e+00,-3.2069292797857443e-04,-3.4623669816696509e-128,-2.6829904776594460e-07,

4,34
9.3285190355612280e-01,1.5754491413788902e+00,1.1719552866828398e+00,2.9911099921885302e+05,1.3000000000000000e+03,1.0132500000000003e+05,3.2348967904351466e+04,4.3579758744526749e+04,1.7355775761974528e+04,2.8000000000000000e+01,0.0000000000000000e+00,0.0000000000000000e+00,0.0000000000000000e+00,2.3949999999999999e-01,0.0000000000000000e+00,0.0000000000000000e+00,0.0000000000000000e+00,0.0000000000000000e+00,0.0000000000000000e+00,0.0000000000000000e+00,1.0000000000000000e+00,0.0000000000000000e+00,0.0000000000000000e+00,0.0000000000000000e+00,0.0000000000000000e+00,0.0000000000000000e+00,0.0000000000000000e+00,0.0000000000000000e+00,0.0000000000000000e+00,7.6710000000000000e-01,0.0000000000000000e+00,8.9730405209576816e+02,4.1998430190233194e-03,1.0026178608007401e-01,
1.2447908521278724e-02,6.1263427929270564e-01,1.1719552866828398e+00,2.2356530670232487e+03,3.0000000000000000e+02,1.0132500000000000e+05,1.2351779658760986e+03,1.7521581559732385e+04,0.0000000000000000e+00,2.8000000000000000e+01,0.0000000000000000e+00,0.0000000000000000e+00,0.0000000000000000e+00,2.3290000000000000e-01,0.0000000000000000e+00,0.0000000000000000e+00,0.0000000000000000e+00,0.0000000000000000e+00,0.0000000000000000e+00,0.0000000000000000e+00,0.0000000000000000e+00,0.0000000000000000e+00,0.0000000000000000e+00,0.0000000000000000e+00,0.0000000000000000e+00,0.0000000000000000e+00,0.0000000000000000e+00,0.0000000000000000e+00,0.0000000000000000e+00,7.6710000000000000e-01,0.0000000000000000e+00,5.7066488147516914e-03,4.1180460715744231e-83,1.5793036848512756e-07,
5.3579386760296084e-04,6.0010254375300842e-01,1.1719552866828398e+00,2.2356530670232487e+03,3.0000000000000000e+02,1.0132500000000000e+05,5.3186224832317258e+01,1.6285652302462457e+04,0.0000000000000000e+00,2.8000000000000000e+01,0.0000000000000000e+00,0.0000000000000000e+00,0.0000000000000000e+00,2.3290000000000000e-01,0.0000000000000000e+00,0.0000000000000000e+00,0.0000000000000000e+00,0.0000000000000000e+00,0.0000000000000000e+00,0.0000000000000000e+00,0.0000000000000000e+00,0.0000000000000000e+00,0.0000000000000000e+00,0.0000000000000000e+00,0.0000000000000000e+00,0.0000000000000000e+00,0.0000000000000000e+00,0.0000000000000000e+00,0.0000000000000000e+00,7.6710000000000000e-01,0.0000000000000000e+00,2.0304732483605870e-04,1.7031839360032603e-108,1.5793036848512756e-07,
2.3077138366585743e-05,5.9958881173442480e-01,1.1719552866828398e+00,2.2356530670232487e+03,3.0000000000000000e+02,1.0132500000000000e+05,2.2908049399746804e+00,1.6234668959260529e+04,0.0000000000000000e+00,2.8000000000000000e+01,0.0000000000000000e+00,0.0000000000000000e+00,0.0000000000000000e+00,2.3290000000000000e-01,0.0000000000000000e+00,0.0000000000000000e+00,0.0000000000000000e+00,0.0000000000000000e+00,0.0000000000000000e+00,0.0000000000000000e+00,0.0000000000000000e+00,0.0000000000000000e+00,0.0000000000000000e+00,0.0000000000000000e+00,0.0000000000000000e+00,0.0000000000000000e+00,0.0000000000000000e+00,0.0000000000000000e+00,0.0000000000000000e+00,7.6710000000000000e-01,0.0000000000000000e+00,8.7743940398073150e-06,4.6164893088928679e-128,1.5793036848512102e-07,

